16 0 2 11 15
0 0 d 2.23095515414147
0 1 urd 2.05840171264408 64.2466648842634 0.176193899972078
0 2 dur 0.0381293792152735 0.472380636092983 0.211216799761529
0 3 du 0.0401565310330716 4.98099571594716
0 4 udr 78.2516420615252 160.489707696434 1.11642298839959
0 5 u 49.3101436784976
0 6 r 191.661311935646
0 7 dr 0.101543278116945 113.14043265915
0 8 u 54.780254737287
0 9 rd 0.012840896324071 14.6806428633946
0 10 du 1.73313137206069 0.058784904337739
0 11 rud 0.0393928801449735 51.0716635481983 1.29204962493074
0 12 ud 0.0325958536943582 0.338994910161219
0 13 ru 3.09327318677945 46.1376728155177
0 14 dr 0.0126584243810088 14.8935735420846
0 15 ur 1.7353859079752 9.11689981756758
1 0 d 0.69888422077104
1 1 url 0.402657004058008 0.0262899067824571 162.459674493699
1 2 rl 0.0907388039420044 1.62698696090819
1 3 dr 0.293267479822221 0.0861581958410613
1 4 lu 99.8460813787812 0.825331474567289
1 5 dr 0.262141672668942 18.3591816913638
1 6 durl 0.0262951652896467 0.0298470227051801 0.0988580608915096 4.67500304469412
1 7 rudl 0.0455306211995018 0.0118399710945752 20.7061304620423 69.8555692443895
1 8 du 0.0125319964898387 0.209531250105586
1 9 dulr 0.136181028563148 160.137018439935 0.0235302091886247 0.443228346897512
1 10 dur 0.0455625037919469 0.0700342979658877 3.51075043584474
1 11 rlu 0.0116136960196554 11.7016494910994 0.0122713104485601
1 12 r 0.0196422938908794
1 13 dlr 1.8212622670427 0.334817327814388 0.168508314534606
1 14 lur 0.0221023755344587 0.0366159922975581 16.7756732136194
1 15 l 0.0911936340895208
2 0 rd 0.011689217286027 0.0119652759488408
2 1 rul 1.67251722849729 1.08711762614758 0.0434097943969461
2 2 rl 0.0122215278120224 0.0337805466193567
2 3 lrd 0.0122665394425849 0.0173741782087478 2.19334947049789
2 4 du 41.2821339355315 0.213041097475909
2 5 dlu 21.8091545255305 0.347611366567776 0.453903714520204
2 6 rdul 52.5481458947139 1.25236005351282 1.92250652038945 61.7090016438829
2 7 ldu 2.04895480930164 11.5136100016141 0.0147137891717256
2 8 u 0.302531405825931
2 9 l 127.310605607262
2 10 l 20.73513934617
2 11 rl 0.0585034129167914 0.260235006258039
2 12 lr 0.630104130978148 0.134947402713872
2 13 l 22.7787894116857
2 14 dl 178.275447844752 36.6469356632574
2 15 ur 1.21571187918828 5.0567794787177
3 0 rl 37.0708080180084 73.7314777122311
3 1 rld 0.028579368974637 0.0514692783611423 22.8198281564165
3 2 udlr 0.780305174866358 0.0181829636587068 0.625521119167491 18.6105721426825
3 3 ludr 157.12313762436 0.0405195710418921 0.176599612332377 1.02043582353243
3 4 u 158.718122428952
3 5 
3 6 rdl 7.31282615540534 0.0178588100447027 1.20109040377013
3 7 dur 0.0129766429100653 1.53530616014137 0.0184245698718967
3 8 urd 0.0883746437414127 0.017851456347523 34.7586969976702
3 9 du 0.130332006765293 0.0351169911957495
3 10 ud 7.45235294456105 25.7653306245716
3 11 lu 0.560251109471462 0.0117733959178606
3 12 lr 0.0151104278715369 0.0454851133360263
3 13 rd 42.8681794956003 4.52777122002655
3 14 ur 0.0357834355785348 0.0415162573124403
3 15 rl 0.120155302434009 0.0454078543321149
4 0 rl 85.0321834806003 148.625514094907
4 1 l 0.088622439496052
4 2 rdl 0.0196914610589588 0.0113100911636348 4.18844613372403
4 3 dulr 18.0623527576155 0.113759331882556 0.0331050253126633 0.0635219231641369
4 4 rdu 0.0114624649179675 0.428883402522153 193.858752504726
4 5 ud 0.0604601876465309 0.272430924254178
4 6 urld 1.4878465617819 11.4963525329489 0.396463940725726 41.1790574999229
4 7 ulr 5.54185794689975 3.87377627919111 0.241769572548483
4 8 lr 0.848258219013741 0.01160146711746
4 9 rd 136.500709718156 0.0110644268020307
4 10 ud 1.5594447275371 0.0520229565352971
4 11 ud 19.0340563476091 2.55238907830339
4 12 lu 207.167949390548 0.217845281513905
4 13 rl 0.0246683150891108 29.7351489980977
4 14 dl 0.376487592930851 27.4160830552419
4 15 lu 6.68475669354453 50.3415013778892
5 0 lr 0.180690404252824 10.2484842234698
5 1 r 0.187538675410139
5 2 lr 15.8795134155585 0.86470213324145
5 3 lr 206.340932728997 0.113975680078834
5 4 rl 4.15507223823014 0.263771999831215
5 5 r 148.447270445572
5 6 lrd 0.0669352528920745 0.0795181337388483 2.25585670427957
5 7 dulr 13.6908785799921 16.5441044870373 2.42232982348514 1.69186219699668
5 8 urdl 1.99237982066638 37.145023825113 0.0120049645072426 218.575133100184
5 9 ulr 14.7439055449954 14.2624443595818 112.925669926302
5 10 rd 0.0848245574117669 2.38984811571001
5 11 ur 3.39576753668796 0.400688810749754
5 12 dr 137.157488131982 0.040922707025719
5 13 rlu 0.629726181895625 0.0119932872067727 10.9619459288404
5 14 rd 0.0113911589315766 0.565994914394476
5 15 ur 1.83625801617781 0.0315882461143977
6 0 rdl 0.0115275938698957 29.3804596027551 1.99178219636831
6 1 lrdu 0.101188497871137 56.6011789225145 2.25653356281455 10.9367624253349
6 2 lru 0.669870957436502 60.2697195352295 78.7619343883343
6 3 l 0.0128136995928965
6 4 ld 0.0264666405549061 0.0177606456841742
6 5 rdlu 17.5320356155113 1.73712216186543 17.3454428857761 0.0225759480274797
6 6 durl 126.270927148622 15.0101976584832 0.284998835129118 7.9807294256857
6 7 lur 57.1585973651255 1.1651266738346 3.04447908419067
6 8 rl 0.191691075219824 0.0251029430686227
6 9 ldr 16.5044462451946 0.0885781393522628 65.3808769292428
6 10 lu 43.6686220810247 0.0125144639703802
6 11 rdl 1.10255455930447 12.7538069839401 0.0298350862835415
6 12 rlu 0.419802806627416 40.2266541316031 18.2110729697698
6 13 rld 0.0405560550711803 6.19739978156274 0.92332851583648
6 14 ul 0.195192273944642 1.28676306631927
6 15 lr 0.021682057885704 0.048700295264393
7 0 drl 92.3079079107767 4.67921244137872 1.0195178444438
7 1 rlu 134.764635213731 22.4958267451058 4.01938865024238
7 2 ld 0.0211340417391672 7.80472885935716
7 3 rud 0.593053783978723 138.190036509321 0.798300500009209
7 4 ud 0.765849054086599 0.144443018334243
7 5 ul 54.1322330819402 5.26841634718121
7 6 lr 0.0143161045084737 7.94410237712491
7 7 lr 52.2129116548208 5.27105121401662
7 8 rl 2.2689786901381 0.0467205958928289
7 9 rld 3.3235377867893 0.136249136102896 0.086832857528672
7 10 ur 0.0126620168462003 0.0631987860560248
7 11 l 3.22498988565532
7 12 l 0.200734892157074
7 13 dl 0.197410455764244 4.00334320791998
7 14 u 0.0204255198687809
7 15 rl 0.180798851026154 96.5373339668919
8 0 dlr 0.0112941734864382 30.9827257100392 36.373111768935
8 1 rdlu 0.0598406438416406 0.0210034160384939 0.0644690389961652 0.121411438163165
8 2 u 0.894786455853204
8 3 dlr 0.185060924594115 109.599171372112 0.0116999561390091
8 4 rud 1.62698696090819 0.0157239510266473 2.97704088037999
8 5 ru 0.0200711827636789 3.25707584898008
8 6 rld 0.0153633544568517 0.0490669206053499 0.140623357514565
8 7 udlr 105.259614126629 0.0583515016134788 0.0459100980056927 7.83287651863808
8 8 lru 0.0115316581714909 115.472200653789 1.59094760073101
8 9 l 0.858155306482528
8 10 dl 4.90683835089125 0.0167606518982697
8 11 ud 0.961010267401675 0.816547505828394
8 12 u 218.269342017547
8 13 dr 0.0581359999813797 0.319253383455415
8 14 dur 1.50731483669456 42.3864957062161 0.404028367869204
8 15 rlu 0.0100561570931036 1.16874417074669 0.0136070786224007
9 0 lr 8.09891266688908 0.0116101667941588
9 1 dlr 0.67917925618828 0.0263214736069027 0.707392088640153
9 2 u 0.555842562395681
9 3 rl 7.42408774127042 3.17507042757463
9 4 l 0.104478895387479
9 5 lr 0.0122058499797899 0.216607095591541
9 6 dlr 0.0111694108863567 0.0156831218549017 11.1153808797374
9 7 rdul 0.234225679524436 0.226101744076585 9.37765577130263 0.0133462489031375
9 8 rlu 1.77381006820907 1.49276456567912 2.98180795843407
9 9 dr 0.100553014209943 8.37733474189256
9 10 du 3.84444717125007 2.7336284082463
9 11 ud 13.2120568973807 0.0161571467707497
9 12 ud 0.0145353715045685 5.47356321080297
9 13 ul 18.3445002193825 0.210121323110535
9 14 lr 33.3323972362087 0.0148408734376843
9 15 l 138.355964089769
10 0 l 0.0135379393684731
10 1 rl 0.0114994663754328 110.756025527256
10 2 d 54.1647221675404
10 3 drul 35.1255861132147 18.7544266773791 1.92500740408815 31.5423098369016
10 4 ru 0.712432444559334 1.82436104611259
10 5 lr 132.731702190049 0.0117081489754647
10 6 lr 195.767907860935 4.08952903890247
10 7 l 0.583115390991137
10 8 l 0.245104608526266
10 9 lr 3.27242013629923 0.0139995458120544
10 10 dr 193.761847356779 0.193385400780191
10 11 ru 33.0866478906743 0.707604338102572
10 12 rd 12.3373323252898 78.4945985398897
10 13 ur 18.6310550355651 35.7707247340467
10 14 l 12.3176083769358
10 15 
11 0 
11 1 rl 3.96430205857299 0.0314621454993045
11 2 d 0.0161187054062534
11 3 ulr 0.0933340593288281 10.3246043036592 0.0280499007319365
11 4 rl 0.0118743757964905 5.20141037103705
11 5 dlr 0.147951585166663 102.169154179815 0.0135012880633649
11 6 udrl 51.6727112845334 154.567333048684 0.0121060536932429 20.1122647191848
11 7 ur 53.2517045290217 204.840128520253
11 8 rd 0.0112772237350113 57.1243124931966
11 9 dlu 0.0164822672850396 7.49570218290842 76.955690949725
11 10 lur 4.30996513179389 0.592105656628504 0.0410005340813578
11 11 lrd 7.956027472276 0.626209570977652 0.0116028763466566
11 12 ul 0.34611984675731 2.29476355947651
11 13 dlr 0.871734663819227 0.615038638704059 0.398730237999095
11 14 dru 0.140468756867244 2.21894046516502 0.0749847750048758
11 15 ur 15.9320023689693 16.6569877657201
12 0 r 0.0126404671239255
12 1 lr 0.236698006159819 7.63489979388851
12 2 d 5.40611010056943
12 3 durl 69.2850957146075 12.4289672154303 136.296112140124 29.2134673630339
12 4 url 0.0545318586352525 0.195289894484715 0.0136138035458922
12 5 dl 0.206022439608206 0.0484864846934334
12 6 uld 0.0114069315137092 0.896219260120318 0.0473792842956058
12 7 durl 0.0102901290698033 1.29813655123973 0.0125031908805039 0.647348696555218
12 8 ul 118.430917276886 9.12875949445016
12 9 r 0.0610739297219314
12 10 lr 0.0267460043741332 0.0152532598613745
12 11 lr 51.497322396234 0.0494543769178095
12 12 
12 13 l 0.0199870605763245
12 14 lr 0.011129010636185 0.0824659180132356
12 15 l 2.21650097262022
13 0 rdl 0.0395705475574904 0.0716494224116064 0.0454532848979441
13 1 ul 7.63260966748648 0.0116253699052698
13 2 d 0.0520229565352971
13 3 ulr 0.0111997686391375 0.0590028113631902 0.188346827997237
13 4 rdl 181.18703024122 0.991169038051124 0.259715056368729
13 5 ud 0.0746182483310612 0.114146771885728
13 6 u 0.165485750761733
13 7 rl 1.82235535229571 0.0197407512987339
13 8 d 0.582590823230145
13 9 ruld 0.365872566201007 1.537764616238 0.0822682371219602 62.5289602868608
13 10 lu 0.0191918381633104 0.10302638216889
13 11 drl 0.0119650448580718 0.0294350191478805 0.0584858645253067
13 12 rdu 10.4127374755865 3.80467210949544 13.2332131088724
13 13 ru 151.279605108538 9.93168164840918
13 14 lr 0.346882148644791 3.15891879007827
13 15 
14 0 rl 0.149513261262543 35.3864795656839
14 1 rd 44.7069877100582 0.0954101620282896
14 2 u 0.923513200007448
14 3 l 0.985141310179987
14 4 dl 0.982779805974123 0.306367417663612
14 5 ud 0.0199531114382881 10.1140931640646
14 6 ru 9.32901852772105 0.71428717902516
14 7 ld 0.0852156491973429 0.0444020257320907
14 8 dur 0.0108350374675568 154.96973100527 0.983861458560551
14 9 lru 1.0795343751081 0.054586417768908 0.0135771073724442
14 10 
14 11 lr 8.16151500411503 38.073930687424
14 12 lr 0.0324650456075051 110.313886293134
14 13 l 21.1413283433978
14 14 ldr 25.8634251424886 0.278351608412414 0.0144440865137358
14 15 ur 2.24393229135419 0.110386196353304
15 0 ld 0.0294055988413376 49.9653524392714
15 1 uld 0.0227960002512414 0.133057995955893 3.64964467672018
15 2 du 0.0119865488629896 1.49485589966327
15 3 du 1.75862070948196 109.03073489669
15 4 ud 6.32196333388757 0.0111642696008254
15 5 u 0.225808002782495
15 6 ld 96.7112576523898 0.731271714387482
15 7 ud 16.8530190694841 0.566051516715984
15 8 uld 68.4997307094748 36.014794559162 16.554033928264
15 9 dul 0.018250365240276 0.0158249070278253 3.69333488955984
15 10 u 0.180907362887073
15 11 l 0.0111754942894531
15 12 dlr 2.88299537381403 2.90034534391735 66.3026465379924
15 13 u 0.100111552874581
15 14 l 176.996474449652
15 15 l 64.028597148879
